t	y_1_taco	y_2_taco
0	0	0
0.00326326326326326	0.000112691032451989	0.00151547413264678
0.00652652652652653	0.000447777880163102	0.0116679548623875
0.00978978978978979	0.000999772078236126	0.0369680061456766
0.0130530530530531	0.00176329657953938	0.0803189299281982
0.0163163163163163	0.0027330835968064	0.140388029721145
0.0195795795795796	0.00390397248598277	0.211932893084029
0.0228428428428428	0.0052709076700347	0.287004038880576
0.0261061061061061	0.00682893660244887	0.356748855171775
0.0293693693693694	0.00857320776966771	0.413408227290628
0.0326326326326326	0.0104989687317187	0.452056264527544
0.0358958958958959	0.0126015642003104	0.471693766496421
0.0391591591591592	0.0148764341536816	0.475453428109273
0.0424224224224224	0.0173191119875037	0.46987567446032
0.0456856856856857	0.0199252227011498	0.463423015988071
0.0489489489489489	0.0226904811186567	0.464570926196964
0.0522122122122122	0.0256106901437195	0.4799064743191
0.0554754754754755	0.0286817390480703	0.51266178249404
0.0587387387387387	0.0318996017926045	0.562009303171525
0.062002002002002	0.0352603353806332	0.623272945919196
0.0652652652652653	0.0387600782426465	0.689002487032759
0.0685285285285285	0.0423950486519903	0.750665067562025
0.0717917917917918	0.0461615431708665	0.800570348211013
0.075055055055055	0.050055935126079	0.83359555465077
0.0783183183183183	0.054074673113959	0.848324033211851
0.0815815815815816	0.0582142795339141	0.847344851519376
0.0848448448448448	0.0624713491500547	0.836650853864119
0.0881081081081081	0.0668425476803647	0.824275450355119
0.0913713713713714	0.0713246104128903	0.818478637854932
0.0946346346346346	0.0759143408484319	0.825892265641581
0.0978978978978979	0.080608609369236	0.850041412113498
0.101161161161161	0.0854043519331892	0.890571911316896
0.104424424424424	0.090298568793031	0.943353589950225
0.107687687687688	0.095288323240106	1.0014311091089
0.110950950950951	0.100370740372191	1.0566040617693
0.114214214214214	0.105543005884933	1.10127785034999
0.117477477477477	0.110802364886459	1.13016805453862
0.120740740740741	0.116146120734698	1.14147625315096
0.124004004004004	0.121571633897003	1.13727613787704
0.127267267267267	0.127076320831634	1.12302761827388
0.130530530530531	0.132657652890686	1.10633296235568
0.133793793793794	0.138313155244065	1.09521864166052
0.137057057057057	0.144040405824092	1.09633150026469
0.14032032032032	0.149837034290363	1.11345493142879
0.143583583583584	0.155700721014462	1.14667658354672
0.146846846846847	0.161629196084154	1.19239090025983
0.15011011011011	0.167620238326692	1.2441312382739
0.153373373373373	0.173671674350864	1.29403998437895
0.156636636636637	0.179781377607432	1.3346428521534
0.1598998998999	0.185947267467609	1.3605270835844
0.163163163163163	0.192167308319222	1.36954711404564
0.166426426426426	0.198439508680237	1.36328952014822
0.16968968968969	0.204761920329312	1.34669696583429
0.172952952952953	0.211132637453041	1.3269403427988
0.176216216216216	0.217549795809588	1.31179668188233
0.179479479479479	0.224011571908389	1.30789998689058
0.182742742742743	0.230516182205612	1.31925862722216
0.186006006006006	0.237061882315086	1.34637083773891
0.189269269269269	0.243646966234396	1.38613365777873
0.192532532532532	0.250269765585851	1.43256131111232
0.195795795795796	0.256928648872058	1.47814711067958
0.199059059059059	0.263622020745795	1.5155593456343
0.202322322322322	0.270348321293948	1.53928832200759
0.205585585585586	0.277106025335203	1.54687484990229
0.208848848848849	0.283893641731263	1.53944656693449
0.212112112112112	0.290709712711319	1.52144550722625
0.215375375375375	0.297552813209515	1.49961265365787
0.218638638638639	0.304421550215174	1.48146174903874
0.221901901901902	0.311314562135531	1.4735880678711
0.225165165165165	0.318230518170738	1.48019298324652
0.228428428428428	0.325168117700907	1.50215455059139
0.231691691691692	0.332126089684961	1.53684982217781
0.234954954954955	0.339103192071066	1.57876458706784
0.238218218218218	0.346098211218425	1.62074914808428
0.241481481481481	0.353109961330215	1.6556344190708
0.244744744744745	0.36013728389746	1.67784328932814
0.248008008008008	0.367179047153622	1.68463531451771
0.251271271271271	0.374234145539711	1.6767071925235
0.254534534534535	0.381301499179719	1.65801775349993
0.257797797797798	0.388380053366163	1.63488113087339
0.261061061061061	0.395468778055566	1.61453592652923
0.264324324324324	0.402566667373671	1.60351472646784
0.267587587587588	0.409672739130206	1.60618135052221
0.270850850850851	0.41678603434302	1.62376347857656
0.274114114114114	0.42390561677141	1.65409517796086
0.277377377377377	0.431030572458462	1.69212318434605
0.280640640640641	0.438160009282234	1.73105892098796
0.283903903903904	0.445293056515613	1.76391384872411
0.287167167167167	0.452428864394685	1.78507110296824
0.29043043043043	0.45956660369544	1.79154017080013
0.293693693693694	0.466705465318674	1.78361454426458
0.296956956956957	0.473844659882917	1.76478797012118
0.30022022022022	0.480983417325233	1.74095227137342
0.303483483483483	0.488120986509752	1.71906097048667
0.306746746746747	0.495256634843778	1.70556190922779
0.31001001001001	0.502389647901327	1.70495224930724
0.313273273273273	0.509519329053963	1.71877976333324
0.316536536536537	0.516644999108781	1.74531225521659
0.3197997997998	0.523765995953405	1.77994561911437
0.323063063063063	0.530881674207868	1.8162547267
0.326326326326326	0.537991404883245	1.84744746914657
0.32958958958959	0.545094575046901	1.86789306329221
0.332852852852853	0.552190587494235	1.87438089543112
0.336116116116116	0.559278860426796	1.86682863617726
0.339379379379379	0.566358827136642	1.8482836513172
0.342642642642643	0.573429935696831	1.82422135904485
0.345905905905906	0.580491648657925	1.80130209337256
0.349169169169169	0.587543442750382	1.78586876462
0.352432432432432	0.594584808592743	1.78252424905978
0.355695695695696	0.601615250405478	1.7931076272757
0.358958958958959	0.608634285730412	1.81629700431453
0.362222222222222	0.615641445155593	1.84792461460166
0.365485485485485	0.622636272045523	1.88192942995897
0.368748748748749	0.62961832227664	1.911729703845
0.372012012012012	0.636587163977942	1.93170477422131
0.375275275275275	0.643542377276672	1.93845264823548
0.378538538538539	0.650483554048953	1.93154213098366
0.381801801801802	0.657410297675284	1.91359338205845
0.385065065065065	0.664322222800801	1.8896725741895
0.388328328328328	0.671218955100219	1.86614048483759
0.391591591591592	0.678100131047356	1.84921673198997
0.394854854854855	0.684965397689156	1.84358377230551
0.398118118118118	0.691814412424122	1.8513440283071
0.401381381381381	0.698646842785083	1.87156242733978
0.404644644644645	0.705462366226199	1.90049382756044
0.407907907907908	0.712260669914131	1.93244039874932
0.411171171171171	0.7190414505233	1.96104282469188
0.414434434434434	0.725804414035141	1.98071284371993
0.417697697697698	0.732549275541295	1.98788453649294
0.420960960960961	0.739275759050652	1.98180429656061
0.424224224224224	0.745983597300165	1.96468461904223
0.427487487487487	0.752672531569385	1.94119073259097
0.430750750750751	0.759342311498621	1.91737913991366
0.434014014014014	0.765992694910667	1.89932958382261
0.437277277277277	0.772623447636036	1.89177946713273
0.44054054054054	0.77923434334161	1.89706746874158
0.443803803803804	0.785825163362666	1.91462192026216
0.447067067067067	0.792395696538196	1.94110581335764
0.45033033033033	0.798945739049471	1.97118217821108
0.453593593593594	0.805475094261767	1.99872442052498
0.456856856856857	0.81198357256922	2.01819723622774
0.46012012012012	0.818470991242721	2.02589694573287
0.463383383383383	0.824937174280816	2.02077341548611
0.466646646646647	0.831381952263541	2.00465128397924
0.46990990990991	0.837805162209134	1.98180416943728
0.473173173173173	0.844206647433579	1.95798113887393
0.476436436436436	0.85058625741292	1.93910720173116
0.4796996996997	0.85694384764829	1.92995157166205
0.482962962962963	0.863279279533611	1.93306303143813
0.486226226226226	0.869592420225906	1.94821005511844
0.489489489489489	0.875883142518175	1.97244862177377
0.492752752752753	0.88215132471479	2.00079896395679
0.496016016016016	0.888396850509352	2.02737581182229
0.499279279279279	0.894619608864973	2.04671569573174
0.502542542542542	0.900819493896925	2.05500204362902
0.505805805805806	0.906996404757621	2.05091344820596
0.509069069069069	0.913150245523878	2.03590666946391
0.512332332332332	0.919280925086413	2.01387397383846
0.515595595595596	0.925388357041545	1.99025529552196
0.518858858858859	0.931472459585038	1.97080771939114
0.522122122122122	0.937533155408067	1.96031062549094
0.525385385385385	0.943570371595247	1.96149772515511
0.528648648648649	0.949584039524697	1.97445461637406
0.531911911911912	0.955574094770095	1.99661457491293
0.535175175175175	0.961540477004687	2.02335016844865
0.538438438438438	0.967483129907212	2.04902445230225
0.541701701701702	0.973402001069705	2.06826303239369
0.544964964964965	0.979297041907145	2.07716000675387
0.548228228228228	0.985168207568907	2.07414726110052
0.551491491491491	0.991015456851993	2.06033373479145
0.554754754754755	0.99683875211599	2.03924142183063
0.558018018018018	1.00263805919975	2.01600079666175
0.561281281281281	1.00841334733971	1.99618943425724
0.564544544544545	1.0141645890899	1.98457671317262
0.567807807807808	1.01989176024351	1.98405711146749
0.571071071071071	1.02559483975608	1.9950106550895
0.574334334334334	1.03127380967018	2.01523178608477
0.577597597597598	1.03692865504165	2.04043943844021
0.580860860860861	1.04255936386733	2.06525047845694
0.584124124124124	1.04816592701423	2.08439524054831
0.587387387387387	1.05374833815011	2.09390074855237
0.590650650650651	1.0593065936755	2.09197601201007
0.593913913913914	1.06484069265711	2.07940220204276
0.597177177177177	1.07035063676252	2.05934283941685
0.60044044044044	1.07583643019624	2.0366198888996
0.603703703703704	1.0812980796371	2.01662137209939
0.606966966966967	1.08673559417681	2.00408795486096
0.61023023023023	1.09214898525988	2.00205176262553
0.613493493493493	1.0975382666247	2.01116494762478
0.616756756756757	1.10290345424581	2.02956664681987
0.62002002002002	1.1082445662774	2.05331519411689
0.623283283283283	1.11356162299793	2.07728532413885
0.626546546546547	1.11885464675585	2.09632621465366
0.62980980980981	1.1241236619165	2.10641876750018
0.633073073073073	1.12936869481003	2.10557216742742
0.636336336336336	1.13458977368044	2.09425978467341
0.6395995995996	1.13978692863565	2.07529908861371
0.642862862862863	1.14496019159854	2.05320566910355
0.646126126126126	1.15010959625909	2.03316942659212
0.649389389389389	1.15523517802745	2.01988503475442
0.652652652652653	1.16033697398797	2.01650021183034
0.655915915915916	1.16541502285421	2.023917393611
0.659179179179179	1.17046936492484	2.04060369238977
0.662442442442442	1.17550004204051	2.06294897832042
0.665705705705706	1.18050709754157	2.0860885689531
0.668968968968969	1.18549057622663	2.10500311463919
0.672232232232232	1.19045052431209	2.11564705187462
0.675495495495495	1.19538698939242	2.11585197500783
0.678758758758759	1.20030002040128	2.10580326165768
0.682022022022022	1.20518966757347	2.08798528106536
0.685285285285285	1.21005598240768	2.06661047663685
0.688548548548548	1.21489901762999	2.04666346760913
0.691811811811812	1.21971882715818	2.03277705845636
0.695075075075075	1.22451546606671	2.02819358640185
0.698338338338338	1.22928899055252	2.03404444489065
0.701601601601602	1.23403945790149	2.04910784061478
0.704864864864865	1.23876692645566	2.07009651556832
0.708128128128128	1.24347145558105	2.09240782693155
0.711391391391391	1.2481531056363	2.11116509571446
0.714654654654655	1.25281193794182	2.12231466658343
0.717917917917918	1.25744801474968	2.12353192897889
0.721181181181181	1.26206139921416	2.11473384861303
0.724444444444444	1.26665215536286	2.0980850861431
0.727707707707708	1.27122034806845	2.07749917136617
0.730970970970971	1.27576604302104	2.05774962084443
0.734234234234234	1.28028930670114	2.04339286198764
0.737497497497497	1.28479020635315	2.03774596815286
0.740760760760761	1.28926880995948	2.04214853276439
0.744024024024024	1.29372518621521	2.05567289575958
0.747287287287287	1.29815940450327	2.07534529856767
0.750550550550551	1.30257153487014	2.09682542052252
0.753813813813814	1.30696164800218	2.11538907643416
0.757077077077077	1.31132981520234	2.12699162601689
0.76034034034034	1.31567610836744	2.12917276396513
0.763603603603604	1.32000059996594	2.12160033430715
0.766866866866867	1.32430336301623	2.10613303610875
0.77013013013013	1.32858447106527	2.08639063543864
0.773393393393393	1.33284399816789	2.06693099336185
0.776656656656657	1.33708201886631	2.05222098481634
0.77991991991992	1.34129860817036	2.04563363222645
0.783183183183183	1.34549384153793	2.04869658481057
0.786446446446446	1.34966779485593	2.06075934990587
0.78970970970971	1.35382054442172	2.07915167685295
0.792972972972973	1.35795216692489	2.0997947578872
0.796236236236236	1.36206273942942	2.11812540749069
0.799499499499499	1.36615233935632	2.13012386098332
0.802762762762763	1.37022104446661	2.13321373196054
0.806026026026026	1.37426893284464	2.12683268500471
0.809289289289289	1.37829608288189	2.11254747953259
0.812552552552552	1.38230257326104	2.09369009971697
0.815815815815816	1.38628848294045	2.07459939658595
0.819079079079079	1.39025389113895	2.05964080993223
0.822342342342342	1.39419887732101	2.05222561980931
0.825605605605606	1.39812352118226	2.05405003993481
0.828868868868869	1.40202790263529	2.06472384456554
0.832132132132132	1.40591210179579	2.08186976528531
0.835395395395395	1.40977619896908	2.10166868708933
0.838658658658659	1.41362027463682	2.11972567154882
0.841921921921922	1.41744440944414	2.13206046764237
0.845185185185185	1.421248684187	2.13599930881889
0.848448448448448	1.42503317979992	2.13076822230678
0.851711711711712	1.42879797734387	2.11765624869376
0.854974974974975	1.43254315799457	2.09971432142895
0.858238238238238	1.43626880303101	2.0810600548341
0.861501501501502	1.43997499382423	2.06594682129691
0.864764764764765	1.44366181182638	2.05780755795023
0.868028028028028	1.44732933856004	2.05848823843858
0.871291291291291	1.45097765560781	2.06784213354623
0.874554554554555	1.4546068446021	2.08377397832094
0.877817817817818	1.45821698721523	2.10272159866579
0.881081081081081	1.46180816514971	2.12046435187993
0.884344344344344	1.4653804601288	2.13307494315247
0.887607607607607	1.46893395388726	2.13780000261331
0.890870870870871	1.47246872816236	2.13367201512283
0.894134134134134	1.47598486468509	2.12171665051381
0.897397397397397	1.47948244517159	2.10471119207993
0.900660660660661	1.4829615513148	2.086550848492
0.903923923923924	1.48642226477631	2.07136749835236
0.907187187187187	1.4898646671784	2.06260021725869
0.91045045045045	1.4932888400963	2.06222664947898
0.913713713713714	1.49669486505066	2.07032698154884
0.916976976976977	1.50008282350014	2.08507659715659
0.92024024024024	1.5034527968343	2.1031666568476
0.923503503503503	1.50680486636655	2.12055572377044
0.926766766766767	1.51013911332736	2.13338173625661
0.93003003003003	1.51345561885764	2.13882856687534
0.933293293293293	1.51675446400227	2.13575276408917
0.936556556556556	1.52003572970377	2.12493103513145
0.93981981981982	1.52329949679623	2.10887500599053
0.943083083083083	1.52654584599931	2.09125729887732
0.946346346346346	1.52977485791241	2.07608003172067
0.94960960960961	1.53298661300907	2.06677396909328
0.952872872872873	1.5361811916314	2.06543107539119
0.956136136136136	1.53935867398482	2.07234211622009
0.959399399399399	1.54251914013275	2.08594146612866
0.962662662662663	1.54566266999162	2.10316923487788
0.965925925925926	1.5487893433259	2.12016702364816
0.969189189189189	1.55189923974337	2.13314914768002
0.972452452452452	1.55499243869039	2.13925263394387
0.975715715715716	1.55806901944745	2.13717517443273
0.978978978978979	1.56112906112471	2.12745891927427
0.982242242242242	1.56417264265781	2.11235834813165
0.985505505505506	1.56719984280364	2.09532423531269
0.988768768768769	1.57021074013641	2.08022178277383
0.992032032032032	1.57320541304363	2.07046004737183
0.995295295295295	1.57618393972245	2.06822872074944
0.998558558558558	1.57914639817588	2.07401310457639
1.00182182182182	1.58209286620928	2.08649467263181
1.00508508508508	1.58502342142686	2.1028573923661
1.00834834834835	1.58793814122839	2.11942871787718
1.01161161161161	1.5908371028059	2.1325093866452
1.01487487487487	1.59372038314056	2.13920455942561
1.01813813813814	1.59658805899961	2.13806959330728
1.0214014014014	1.59944020693345	2.12942642578788
1.02466466466466	1.60227690327277	2.11528134823419
1.02792792792793	1.60509822412576	2.09886487725894
1.03119119119119	1.60790424537551	2.083899206034
1.03445445445445	1.61069504267736	2.07375932029461
1.03771771771772	1.61347069145645	2.07071681800685
1.04098098098098	1.61623126690532	2.07543583241221
1.04424424424424	1.61897684398156	2.08683287617923
1.04750750750751	1.62170749740558	2.10233004756214
1.05077077077077	1.62442330165848	2.11844251163204
1.05403403403403	1.62712433097992	2.13156641171729
1.0572972972973	1.62981065936616	2.13878909405667
1.06056056056056	1.6324823605681	2.13853951623247
1.06382382382382	1.63513950808944	2.13093363254063
1.06708708708709	1.63778217518491	2.11773888320178
1.07035035035035	1.64041043485852	2.10196790254643
1.07361361361361	1.64302435986195	2.08719479462985
1.07687687687688	1.64562402269295	2.07674912155985
1.08014014014014	1.64820949559383	2.07296934880862
1.0834034034034	1.65078085055006	2.0766831154695
1.08666666666667	1.6533381592888	2.08702980524279
1.08992992992993	1.65588149327764	2.10166335324565
1.09319319319319	1.65841092372334	2.11728759681434
1.09645645645646	1.66092652157059	2.13040204543022
1.09971971971972	1.66342835750088	2.13808936312494
1.10298298298298	1.66591650193142	2.13866743371888
1.10624624624625	1.66839102501409	2.13206029290826
1.10950950950951	1.67085199663447	2.11980618132934
1.11277277277277	1.6732994864109	2.10470294665992
1.11603603603604	1.67573356369361	2.09017248535195
1.1192992992993	1.6781542975639	2.07948856932374
1.12256256256256	1.68056175683334	2.07504228105774
1.12582582582583	1.68295601004305	2.0778098543974
1.12908908908909	1.68533712546304	2.08714132598766
1.13235235235235	1.68770517109151	2.10091567258101
1.13561561561562	1.69006021465434	2.11602552776444
1.13887887887888	1.69240232360446	2.1290807440263
1.14214214214214	1.6947315651214	2.13717152754562
1.14540540540541	1.69704800611079	2.13851938510555
1.14866866866867	1.69935171320397	2.13287028795987
1.15193193193193	1.70164275275754	2.12154318168492
1.1551951951952	1.70392119085311	2.10712487979017
1.15845845845846	1.70618709329689	2.09288186347748
1.16172172172172	1.7084405256195	2.08202270662049
1.16498498498498	1.71068155307567	2.07697764907864
1.16824824824825	1.7129102406441	2.07885705456592
1.17151151151151	1.71512665302723	2.08720939778349
1.17477477477477	1.71733085465117	2.10013146375493
1.17803803803804	1.71952290966555	2.11470402765142
1.1813013013013	1.72170288194348	2.12765331940103
1.18456456456456	1.72387083508152	2.13608841803853
1.18782782782783	1.72602683239964	2.13814850555884
1.19109109109109	1.72817093694127	2.13341509092564
1.19435435435435	1.73030321147335	2.12299792398002
1.19761761761762	1.7324237184864	2.1092771318161
1.20088088088088	1.73453252019463	2.0953614324416
1.20414414414414	1.73662967853609	2.08438572329693
1.20740740740741	1.73871525517283	2.07880673196796
1.21067067067067	1.74078931149104	2.07985496092003
1.21393393393393	1.74285190860134	2.08726516084868
1.2171971971972	1.74490310733895	2.09934431401137
1.22046046046046	1.74694296826397	2.1133599615182
1.22372372372372	1.74897155166169	2.12615984470902
1.22698698698699	1.75098891754284	2.13488236946303
1.23025025025025	1.75299512564398	2.1375977890077
1.23351351351351	1.75499023542778	2.1337364625491
1.23677677677678	1.75697430608344	2.12420918345136
1.24004004004004	1.75894739652707	2.11119427573374
1.2433033033033	1.76090956540208	2.09764115492132
1.24656656656657	1.76286087107961	2.08660346211951
1.24982982982983	1.76480137165901	2.08055252892156
1.25309309309309	1.76673112496824	2.08082550283533
1.25635635635636	1.76865018856442	2.08733134721312
1.25961961961962	1.77055861973428	2.09857931055986
1.26288288288288	1.77245647549471	2.11202165983075
1.26614614614615	1.77434381259324	2.12463192394681
1.26940940940941	1.77622068750867	2.13358743219495
1.27267267267267	1.77808715645155	2.13690224056791
1.27593593593594	1.7799432753648	2.1338685476355
1.2791991991992	1.78178909992429	2.12520851790033
1.28246246246246	1.78362468553945	2.11290403357076
1.28572572572573	1.7854500873539	2.09974442630415
1.28898898898899	1.78726536024606	2.0886953669889
1.29225225225225	1.7890705588298	2.0822316864581
1.29551551551552	1.79086573745511	2.08178420090695
1.29877877877878	1.79265095020876	2.08742416397729
1.30204204204204	1.794426250915	2.0978548944305
1.30530530530531	1.79619169313621	2.11071073576457
1.30856856856857	1.79794733017365	2.12309446598354
1.31183183183183	1.79969321506816	2.13223109833856
1.3150950950951	1.80142940060086	2.13609055365509
1.31835835835836	1.80315593929391	2.13383950547965
1.32162162162162	1.80487288341126	2.12602185712015
1.32488488488488	1.80658028495939	2.11442883260978
1.32814814814815	1.80827819568806	2.10168960598768
1.33141141141141	1.8099666670911	2.0906759963484
1.33467467467467	1.81164575040719	2.08385599827793
1.33793793793794	1.81331549662065	2.08274165407608
1.3412012012012	1.81497595646222	2.08755476495972
1.34446446446446	1.81662718040985	2.09718431109106
1.34772772772773	1.81826921868957	2.10944350781775
1.35099099099099	1.81990212127625	2.12156707246593
1.35425425425425	1.82152593789443	2.13083565010901
1.35751751751752	1.82314071801919	2.13518641710321
1.36078078078078	1.82474651087694	2.13367277753725
1.36404404404404	1.8263433654463	2.12667073617538
1.36730730730731	1.82793133045891	2.1157870115232
1.37057057057057	1.82951045440033	2.10349120427283
1.37383383383383	1.83108078551085	2.09255619771853
1.3770970970971	1.83264237178642	2.08543357186189
1.38036036036036	1.83419526097943	2.08370469937495
1.38362362362362	1.83573950059967	2.08773040120207
1.38688688688689	1.83727513791517	2.09657674650825
1.39015015015015	1.83880221995307	2.10823211468504
1.39341341341341	1.84032079350053	2.12006512483722
1.39667667667668	1.84183090510562	2.12941921399037
1.39993993993994	1.84333260107821	2.13420953432208
1.4032032032032	1.84482592749085	2.13338807285863
1.40646646646647	1.8463109301797	2.12717325158433
1.40972972972973	1.84778765474541	2.11699375403248
1.41299299299299	1.84925614655407	2.10516080104184
1.41625625625626	1.85071645073805	2.09434401813014
1.41951951951952	1.85216861219698	2.08696973516064
1.42278278278278	1.85361267559863	2.08467731621651
1.42604604604605	1.85504868537982	2.08795532083736
1.42930930930931	1.85647668574739	2.09603821775433
1.43257257257257	1.85789672067905	2.10708539011969
1.43583583583584	1.85930883392436	2.11860063686516
1.4390990990991	1.86071306900564	2.12799658578572
1.44236236236236	1.86210946921887	2.13317641838586
1.44562562562563	1.86349807763466	2.13300213400335
1.44888888888889	1.86487893709917	2.12754480198902
1.45215215215215	1.86625209023499	2.11806181056918
1.45541541541542	1.86761757944216	2.10670775560208
1.45867867867868	1.86897544689903	2.09604540874046
1.46194194194194	1.87032573456322	2.08846774055415
1.46520520520521	1.87166848417256	2.08566133129494
1.46846846846847	1.87300373724601	2.08823147327223
1.47173173173173	1.87433153508462	2.09557227200349
1.47499499499499	1.87565191877242	2.10600955054436
1.47825825825826	1.8769649291774	2.11718292439329
1.48152152152152	1.87827060695245	2.12657987727067
1.48478478478478	1.87956899253624	2.13210101281014
1.48804804804805	1.88086012615421	2.13252933228398
1.49131131131131	1.88214404781948	2.12779866128789
1.49457457457457	1.88342079733381	2.11900205506201
1.49783783783784	1.88469041428849	2.10813975397751
1.5011011011011	1.88595293806532	2.09766476906732
1.50436436436436	1.88720840783752	2.08992931065911
1.50762762762763	1.88845686257067	2.0866569678053
1.51089089089089	1.88969834102364	2.08855906051512
1.51415415415415	1.89093288174953	2.09518053587747
1.51741741741742	1.89216052309658	2.1050087365142
1.52068068068068	1.89338130320912	2.11581913259209
1.52394394394394	1.89459526002849	2.12517902393982
1.52720720720721	1.89580243129399	2.13099517676252
1.53047047047047	1.89700285454375	2.13198213038043
1.53373373373373	1.89819656711573	2.12794642160105
1.536996996997	1.89938360614858	2.11982391356832
1.54026026026026	1.90056400858259	2.10946322972115
1.54352352352352	1.90173781116063	2.09920536626423
1.54678678678679	1.90290505042902	2.09135506074263
1.55005005005005	1.90406576273851	2.08766327306151
1.55331331331331	1.90521998424514	2.08893696903974
1.55657657657658	1.90636775091119	2.09486314783903
1.55983983983984	1.90750909850607	2.10408544005274
1.5631031031031	1.90864406260725	2.11451465207641
1.56636636636637	1.90977267860117	2.12380218459237
1.56962962962963	1.91089498168412	2.1298690648717
1.57289289289289	1.91201100686318	2.13137144194543
1.57615615615616	1.91312078895711	2.12799833517409
1.57941941941942	1.91422436259724	2.12053569335954
1.58268268268268	1.91532176222838	2.11068368636625
1.58594594594595	1.91641302210972	2.10066965705548
1.58920920920921	1.91749817631573	2.09274482484849
1.59247247247247	1.91857725873702	2.08867845108851
1.59573573573574	1.91965030308127	2.08936310821651
1.598998998999	1.92071734287411	2.09461909911865
1.60226226226226	1.92177841145998	2.10324084280556
1.60552552552553	1.92283354200305	2.11327344831449
1.60878878878879	1.92388276748806	2.12245605669243
1.61205205205205	1.92492612072125	2.12873142511547
1.61531531531532	1.92596363433117	2.13070691126062
1.61857857857858	1.92699534076964	2.12796357788676
1.62184184184184	1.92802127231252	2.12114483475021
1.6251051051051	1.92904146106067	2.11180594343364
1.62836836836837	1.93005593894076	2.10205953386912
1.63163163163163	1.93106473770614	2.09409790677822
1.63489489489489	1.93206788893773	2.08970012091774
1.63815815815816	1.93306542404485	2.08983467561236
1.64142142142142	1.93405737426607	2.09444650303896
1.64468468468468	1.93504377067008	2.10247508444538
1.64794794794795	1.93602464415656	2.11209832334732
1.65121121121121	1.93700002545696	2.12114612613391
1.65447447447447	1.93796994513542	2.12758983306066
1.65773773773774	1.93893443358956	2.129997130891
1.661001001001	1.93989352105133	2.12785045201434
1.66426426426426	1.94084723758787	2.12165810303509
1.66752752752753	1.9417956131023	2.11283432308023
1.67079079079079	1.94273867733458	2.1033765119656
1.67405405405405	1.94367645986234	2.09541327242235
1.67731731731732	1.94460899010167	2.09072551675908
1.68058058058058	1.94553629730799	2.09034836499342
1.68384384384384	1.94645841057683	2.09434280822379
1.68710710710711	1.94737535884465	2.10178747646898
1.69037037037037	1.94828717088965	2.11099112462552
1.69363363363363	1.94919387533262	2.1198768659072
1.6968968968969	1.95009550063768	2.12645087667101
1.70016016016016	1.95099207511313	2.12924981130208
1.70342342342342	1.95188362691222	2.12766654197955
1.70668668668669	1.95277018403399	2.12208173406044
1.70994994994995	1.95365177432401	2.1137727907069
1.71321321321321	1.95452842547519	2.10462187066534
1.71647647647648	1.95540016502861	2.09668969631411
1.71973973973974	1.95626702037423	2.09175164267167
1.723003003003	1.95712901875173	2.0909005293854
1.72626626626627	1.95798618725124	2.09430496776779
1.72952952952953	1.95883855281417	2.10117667318231
1.73279279279279	1.95968614223395	2.10995291249105
1.73605605605606	1.96052898215679	2.11865189494617
1.73931931931932	1.96136709908245	2.1253203027392
1.74258258258258	1.96220051936503	2.12847191330116
1.74584584584585	1.9630292692137	2.12741883378502
1.74910910910911	1.96385337469347	2.12242154396346
1.75237237237237	1.96467286172592	2.11462505990768
1.75563563563564	1.96548775608999	2.1057967588983
1.7588988988989	1.9662980834227	2.09792587245466
1.76216216216216	1.96710386921989	2.09277539158908
1.76542542542543	1.96790513883697	2.09148730883505
1.76868868868869	1.96870191748966	2.09432957378571
1.77195195195195	1.96949423025472	2.10064080906587
1.77521521521521	1.97028210207067	2.10898409527674
1.77847847847848	1.97106555773854	2.11747410592708
1.78174174174174	1.97184462192258	2.12420313353777
1.785005005005	1.97261931915098	2.12766975174677
1.78826826826827	1.9733896738166	2.12711380644195
1.79153153153153	1.97415571017766	2.12268301128183
1.79479479479479	1.97491745235849	2.11539466985332
1.79805805805806	1.9756749243502	2.10690227305337
1.80132132132132	1.97642815001141	2.09912049725771
1.80458458458458	1.97717715306895	2.09379363639747
1.80784784784785	1.97792195711855	2.09210473040353
1.81111111111111	1.97866258562554	2.09441296469104
1.81437437437437	1.97939906192554	2.10017760968406
1.81763763763764	1.98013140922516	2.10808453900753
1.8209009009009	1.98085965060269	2.11634576883935
1.82416416416416	1.98158380900874	2.12310376036686
1.82742742742743	1.98230390726698	2.12684907708669
1.83069069069069	1.98301996807479	2.12675750185998
1.83395395395395	1.98373201400393	2.12287133781784
1.83721721721722	1.98444006750122	2.11608504141751
1.84048048048048	1.98514415088919	2.10793951335449
1.84374374374374	1.98584428636678	2.10027233074513
1.84700700700701	1.98654049600995	2.09480329908433
1.85027027027027	1.98723280177241	2.09274878627652
1.85353353353353	1.98792122548619	2.09455131094139
1.8567967967968	1.98860578886237	2.09978448172307
1.86006006006006	1.98928651349168	2.10725365713891
1.86332332332332	1.98996342084516	2.11526861562805
1.86658658658659	1.99063653227482	2.12202601918402
1.86984984984985	1.99130586901425	2.12601513981826
1.87311311311311	1.99197145217928	2.12635557822142
1.87637637637638	1.99263330276859	2.12299149322396
1.87963963963964	1.99329144166439	2.11669951696238
1.8829029029029	1.99394588963298	2.10890962362505
1.88616616616617	1.99459666732542	2.10138024078696
1.88942942942943	1.99524379527816	2.09580140266491
1.89269269269269	1.99588729391361	2.09341549459256
1.89595595595596	1.99652718354081	2.09474068373244
1.89921921921922	1.99716348435601	2.09945858651172
1.90248248248248	1.99779621644329	2.10649048456244
1.90574574574575	1.99842539977516	2.11424391002543
1.90900900900901	1.99905105421318	2.1209732523392
1.91227227227227	1.99967319950853	2.12517274182201
1.91553553553554	2.00029185530265	2.12591335073908
1.9187987987988	2.00090704112781	2.12304824717243
1.92206206206206	2.00151877640769	2.11724138761457
1.92532532532533	2.00212708045799	2.10981381823708
1.92858858858859	2.00273197248703	2.10244323413535
1.93185185185185	2.00333347159629	2.09678510957128
1.93511511511511	2.00393159678103	2.09410094659197
1.93837837837838	2.00452636693083	2.09497711014413
1.94164164164164	2.00511780083021	2.09919690042262
1.9449049049049	2.00570591715916	2.10579373917022
1.94816816816817	2.00629073449375	2.11327250576789
1.95143143143143	2.00687227130665	2.11994835953355
1.95469469469469	2.00745054596773	2.12432627763
1.95795795795796	2.00802557674459	2.12543582282176
1.96122122122122	2.00859738180315	2.1230461921098
1.96448448448448	2.00916597920819	2.1177139110166
1.96774774774775	2.00973138692389	2.11065339921081
1.97101101101101	2.01029362281439	2.10346047718766
1.97427427427427	2.01085270464435	2.09775174939216
1.97753753753754	2.01140865007947	2.09480134290873
1.9808008008008	2.01196147668703	2.09525661748097
1.98406406406406	2.01251120193645	2.09899626480559
1.98732732732733	2.01305784319982	2.10516187354006
1.99059059059059	2.01360141775241	2.11235489567887
1.99385385385385	2.01414194277324	2.11895384041675
1.99711711711712	2.01467943534555	2.1234797679975
2.00038038038038	2.01521391245738	2.12492770998898
2.00364364364364	2.01574539100207	2.122989758926
2.00690690690691	2.01627388777877	2.11812032187769
2.01017017017017	2.01679941949296	2.11142976578154
2.01343343343343	2.01732200275698	2.10443130877835
2.0166966966967	2.01784165409053	2.0986988382299
2.01995995995996	2.01835838992116	2.09551302122077
2.02322322322322	2.01887222658482	2.09557526895475
2.02648648648649	2.0193831803263	2.0988534275253
2.02974974974975	2.01989126729981	2.10459311873553
2.03301301301301	2.0203965035694	2.11149125354104
2.03627627627628	2.02089890510951	2.11799183069006
2.03953953953954	2.02139848780543	2.12263688760757
2.0428028028028	2.02189526745382	2.12439345834554
2.04606606606607	2.02238925976316	2.12288322734354
2.04932932932933	2.02288048035427	2.11846383713275
2.05259259259259	2.02336894476077	2.11214441824442
2.05585585585586	2.02385466842958	2.10535524680293
2.05911911911912	2.02433766672137	2.09962409145565
2.06238238238238	2.02481795491107	2.09623247699982
2.06564564564565	2.0252955481883	2.09592919239593
2.06890890890891	2.02577046165788	2.0987650777237
2.07217217217217	2.02624271034029	2.10408552177341
2.07543543543543	2.02671230917209	2.11068147024832
2.0786986986987	2.02717927300645	2.11706413315673
2.08196196196196	2.02764361661358	2.12180098831856
2.08522522522523	2.02810535468117	2.12383725901212
2.08848848848849	2.02856450181486	2.12273073242445
2.09175175175175	2.02902107253871	2.11874765711593
2.09501501501502	2.02947508129562	2.11279895749231
2.09827827827828	2.02992654244782	2.10623199008978
2.10154154154154	2.03037547027726	2.10052543126488
2.1048048048048	2.03082187898609	2.09695637873295
2.10806806806807	2.0312657826971	2.09631460331962
2.11133133133133	2.03170719545415	2.09872787507666
2.11459459459459	2.03214613122261	2.10363697796789
2.11785785785786	2.03258260388979	2.10992518539186
2.12112112112112	2.03301662726538	2.11617224483039
2.12438438438438	2.03344821508186	2.12097511903835
2.12764764764765	2.03387738099496	2.12326305958626
2.13091091091091	2.03430413858405	2.12253626827376
2.13417417417417	2.0347285013526	2.11897496384085
2.13743743743744	2.03515048272855	2.11339508135276
2.1407007007007	2.03557009606477	2.10706141663255
2.14396396396396	2.03598735463948	2.10140099013944
2.14722722722723	2.03640227165662	2.09768157869911
2.15049049049049	2.03681486024631	2.0967278233916
2.15375375375375	2.03722513346521	2.09873847454112
2.15701701701702	2.03763310429698	2.10324525909451
2.16028028028028	2.03803878565265	2.10922181517304
2.16354354354354	2.03844219037104	2.11531738095562
2.16680680680681	2.03884333121912	2.12016204305562
2.17007007007007	2.03924222089249	2.122674573457
2.17333333333333	2.03963887201569	2.1223036897703
2.1765965965966	2.04003329714263	2.1191489172343
2.17985985985986	2.04042550875701	2.11393457858832
2.18312312312312	2.04081551927267	2.10784357905881
2.18638638638639	2.04120334103397	2.10224911109109
2.18964964964965	2.04158898631622	2.09840512015915
2.19291291291291	2.04197246732603	2.09716529512114
2.19617617617618	2.04235379620171	2.09879354737639
2.19943943943944	2.04273298501363	2.10290803810951
2.2027027027027	2.0431100457646	2.10857057733405
2.20596596596597	2.04348499039028	2.1145004965952
2.20922922922923	2.0438578307595	2.11936425346146
2.21249249249249	2.04422857867466	2.12207528760116
2.21575575575576	2.04459724587211	2.12203671296166
2.21901901901902	2.04496384402251	2.11927264997849
2.22228228228228	2.04532838473115	2.11441932123547
2.22554554554555	2.0456908795384	2.10857869802493
2.22880880880881	2.04605133991998	2.10306834537989
2.23207207207207	2.04640977728741	2.09912424164163
2.23533533533534	2.04676620298828	2.09762359343687
2.2385985985986	2.04712062830666	2.0988897990584
2.24186186186186	2.04747306446345	2.10262291100003
2.24512512512512	2.04782352261671	2.10797051363949
2.24838838838839	2.048172013862	2.11372230628455
2.25165165165165	2.0485185492328	2.11858398714211
2.25491491491491	2.04886313970075	2.12146846933782
2.25817817817818	2.04920579617608	2.1217389146094
2.26144144144144	2.04954652950792	2.11934926146672
2.2647047047047	2.04988535048461	2.11485125580902
2.26796796796797	2.05022226983412	2.109267154082
2.27123123123123	2.05055729822428	2.10385744825943
2.27449449449449	2.0508904462632	2.09983637886938
2.27775775775776	2.05122172449958	2.09809943466909
2.28102102102102	2.05155114342301	2.0990239845768
2.28428428428428	2.05187871346434	2.10238741621581
2.28754754754755	2.05220444499599	2.10742051032131
2.29081081081081	2.05252834833226	2.11298330213422
2.29407407407407	2.05285043372969	2.11782323770492
2.29733733733734	2.05317071138735	2.12085717239909
2.3006006006006	2.05348919144717	2.12141373125276
2.30386386386386	2.05380588399428	2.11938181126062
2.30712712712713	2.05412079905728	2.115232393783
2.31039039039039	2.0544339466086	2.10990947844296
2.31365365365365	2.0547453365648	2.10461537318923
2.31691691691692	2.05505497878686	2.10053916476368
2.32018018018018	2.05536288308052	2.09858968335794
2.32344344344344	2.05566905919657	2.09919292150533
2.32670670670671	2.05597351683117	2.10219905203669
2.32996996996997	2.05627626562614	2.10691931680508
2.33323323323323	2.05657731516928	2.11228377066916
2.3364964964965	2.05687667499464	2.11708376760831
2.33975975975976	2.05717435458287	2.12024424258441
2.34302302302302	2.05747036336147	2.12106445806752
2.34628628628629	2.05776471070511	2.11937331234481
2.34954954954955	2.05805740593592	2.11556480166763
2.35281281281281	2.05834845832379	2.1105063429917
2.35607607607608	2.05863787708666	2.10534126486722
2.35933933933934	2.0589256713908	2.10123042787884
2.3626026026026	2.05921185035109	2.0990913572261
2.36586586586587	2.05949642303135	2.09939350115809
2.36912912912913	2.05977939844457	2.1020552921557
2.37239239239239	2.06006078555325	2.10646556296365
2.37565565565566	2.06034059326962	2.11162380862229
2.37891891891892	2.06061883045597	2.11636711969592
2.38218218218218	2.06089550592493	2.11963232319418
2.38544544544545	2.06117062843969	2.12069424772512
2.38870870870871	2.06144420671434	2.11932672440342
2.39197197197197	2.06171624941413	2.11585059093033
2.39523523523523	2.06198676515571	2.11105854980394
2.3984984984985	2.06225576250744	2.10603445136633
2.40176176176176	2.06252324998963	2.10190818955329
2.40502502502502	2.06278923607485	2.09960163059092
2.40828828828829	2.06305372918814	2.09962269808382
2.41155155155155	2.06331673770732	2.10195359969955
2.41481481481481	2.06357826996324	2.10605777508822
2.41807807807808	2.06383833424003	2.11100333784537
2.42134134134134	2.0640969387754	2.11567462828049
2.4246046046046	2.06435409176084	2.119023860384
2.42786786786787	2.06460980134194	2.1203061094017
2.43113113113113	2.06486407561859	2.11924494728661
2.43439439439439	2.06511692264529	2.1160919079525
2.43765765765766	2.06536835043135	2.11156702039399
2.44092092092092	2.0656183669412	2.10669443560469
2.44418418418418	2.06586698009459	2.10257066001105
2.44744744744745	2.06611419776686	2.10011783644157
2.45071071071071	2.06636002778919	2.09987757810382
2.45397397397397	2.06660447794886	2.10189143986412
2.45723723723724	2.06684755598947	2.10569439072423
2.4605005005005	2.06708926961119	2.11042211945843
2.46376376376376	2.06732962647103	2.11500742988145
2.46702702702703	2.06756863418303	2.11842110853853
2.47029029029029	2.06780630031856	2.1199029080435
2.47355355355355	2.06804263240651	2.11913081479099
2.47681681681682	2.06827763793355	2.11629092416909
2.48008008008008	2.06851132434437	2.1120327848571
2.48334334334334	2.0687436990419	2.10732088633589
2.48660660660661	2.06897476938756	2.10321623360619
2.48986986986987	2.06920454270148	2.10063746736749
2.49313313313313	2.06943302626274	2.1001553050619
2.4963963963964	2.06966022730958	2.101866291308
2.49965965965966	2.06988615303965	2.10537377248677
2.50292292292292	2.07011081061025	2.10987976732687
2.50618618618619	2.0703342071385	2.11436647368842
2.50944944944945	2.07055634970164	2.11782613573116
2.51271271271271	2.07077724533719	2.1194873639614
2.51597597597598	2.0709969010432	2.11898708884359
2.51923923923924	2.07121532377846	2.1164498265031
2.5225025025025	2.07143252046276	2.11245697104225
2.52576576576577	2.07164849797704	2.10791362881134
2.52902902902903	2.07186326316366	2.10384348337016
2.53229229229229	2.0720768228266	2.10115817549395
2.53555555555556	2.07228918373167	2.10045314642706
2.53881881881882	2.07250035260672	2.10187565642075
2.54208208208208	2.07271033614189	2.10509422094519
2.54534534534534	2.07291914098975	2.10937576093159
2.54860860860861	2.07312677376558	2.11375253179858
2.55187187187187	2.07333324104756	2.11724082931147
2.55513513513514	2.07353854937693	2.11906205280187
2.5583983983984	2.07374270525827	2.11881645415191
2.56166166166166	2.07394571515966	2.11657080817893
2.56492492492492	2.0741475855129	2.11284079386204
2.56818818818819	2.07434832271369	2.10847263523957
2.57145145145145	2.07454793312187	2.10445115499563
2.57471471471471	2.07474642306161	2.10167777155611
2.57797797797798	2.07494379882156	2.10076847786666
2.58124124124124	2.07514006665514	2.10191707056227
2.5845045045045	2.07533523278066	2.10485398664782
2.58776776776777	2.07552930338154	2.10890945767885
2.59103103103103	2.07572228460653	2.11316620925756
2.59429429429429	2.07591418256987	2.1166669016427
2.59755755755756	2.07610500335149	2.11862940592104
2.60082082082082	2.07629475299724	2.11862151336127
2.60408408408408	2.07648343751902	2.1166560599771
2.60734734734735	2.076671062895	2.11318554482408
2.61061061061061	2.07685763506985	2.10899801514504
2.61387387387387	2.07704315995483	2.10503816036974
2.61713713713714	2.07722764342808	2.10219422322381
2.6204004004004	2.07741109133473	2.10109878689103
2.62366366366366	2.07759350948714	2.10198811035408
2.62692692692693	2.07777490366505	2.10465128134347
2.63019019019019	2.07795527961575	2.10848010468368
2.63345345345345	2.07813464305432	2.11260795392011
2.63671671671672	2.07831299966375	2.11610589599811
2.63997997997998	2.07849035509515	2.11819171117373
2.64324324324324	2.07866671496793	2.11840478274435
2.64650650650651	2.07884208486995	2.11670776197452
2.64976976976977	2.07901647035773	2.11349258185012
2.65303303303303	2.07918987695662	2.10949000571152
2.6562962962963	2.07936231016095	2.10560357075274
2.65955955955956	2.07953377543424	2.1027056527739
2.66282282282282	2.07970427820934	2.1014416756565
2.66608608608609	2.07987382388862	2.10208640109124
2.66934934934935	2.08004241784413	2.1044842884455
2.67261261261261	2.08021006541779	2.10808685004991
2.67587587587588	2.08037677192154	2.11207806613677
2.67913913913914	2.08054254263751	2.11555919261376
2.6824024024024	2.08070738281818	2.11775111411735
2.68566566566567	2.08087129768659	2.11816868843476
2.68892892892893	2.08103429243643	2.1167280758012
2.69219219219219	2.08119637223228	2.1137633194349
2.69545545545546	2.08135754220973	2.1099489621805
2.69871871871872	2.08151780747553	2.10614660968427
2.70198198198198	2.08167717310781	2.10321033419455
2.70524524524525	2.08183564415618	2.10179486300314
2.70850850850851	2.08199322564192	2.1022096233347
2.71177177177177	2.08214992255814	2.10435117277674
2.71503503503503	2.08230573986992	2.10772875366348
2.7182982982983	2.08246068251447	2.11157670826568
2.72156156156156	2.08261475540133	2.11502801488797
2.72482482482482	2.08276796341245	2.11730961962166
2.72808808808809	2.08292031140241	2.11791556320632
2.73135135135135	2.08307180419853	2.11671913743275
2.73461461461461	2.08322244660104	2.11399921918464
2.73787787787788	2.08337224338326	2.11037534836328
2.74114114114114	2.0835211992917	2.10666664568846
2.7444044044044	2.08366931904623	2.10370668979591
2.74766766766767	2.08381660734024	2.10215618579509
2.75093093093093	2.08396306884078	2.10235551873655
2.75419419419419	2.08410870818872	2.10425008962747
2.75745745745746	2.08425352999887	2.10740479751006
2.76072072072072	2.08439753886016	2.11110391400338
2.76398398398398	2.08454073933574	2.11451343571172
2.76724724724725	2.08468313596317	2.11686909386911
2.77051051051051	2.08482473325456	2.11764764379208
2.77377377377377	2.08496553569666	2.11668305052924
2.77703703703704	2.08510554775108	2.11420178076551
2.7803003003003	2.08524477385436	2.11076972731565
2.78356356356356	2.08538321841815	2.10716318483961
2.78682682682683	2.08552088582937	2.10419328639338
2.79009009009009	2.08565778045027	2.10252359962442
2.79335335335335	2.08579390661866	2.10252189514563
2.79661661661662	2.08592926864799	2.10417919315458
2.79987987987988	2.08606387082749	2.10711389552477
2.80314314314314	2.08619771742235	2.11065959752544
2.80640640640641	2.08633081267378	2.11401638391074
2.80966966966967	2.08646316079924	2.1164312667251
2.81293293293293	2.08659476599246	2.1173670687309
2.8161961961962	2.08672563242369	2.11662188032368
2.81945945945946	2.08685576423974	2.11437253328462
2.82272272272272	2.08698516556416	2.11113275221597
2.82598598598599	2.08711384049735	2.10763586324262
2.82924924924925	2.08724179311671	2.10466883112294
2.83251251251251	2.08736902747675	2.1028951789339
2.83577577577578	2.08749554760921	2.10270663103652
2.83903903903904	2.08762135752322	2.10413664414704
2.8423023023023	2.08774646120542	2.10685490297951
2.84556556556557	2.08787086262004	2.11024356242544
2.84882882882883	2.08799456570908	2.1135376507773
2.85209209209209	2.08811757439244	2.11599773445458
2.85535535535536	2.08823989256797	2.11707587672493
2.85861861861862	2.08836152411169	2.11653764805789
2.86188188188188	2.08848247287783	2.11451302711941
2.86514514514514	2.08860274269902	2.1114651574804
2.86840840840841	2.08872233738635	2.10808443947559
2.87167167167167	2.08884126072954	2.10513216694206
2.87493493493493	2.08895951649702	2.10326911660984
2.8781981981982	2.08907710843611	2.10290767930187
2.88146146146146	2.08919404027305	2.10412061718086
2.88472472472472	2.08931031571318	2.10662662541227
2.88798798798799	2.08942593844108	2.1098555104398
2.89125125125125	2.08954091212059	2.11307789666816
2.89451451451451	2.08965524039503	2.11556996275867
2.89777777777778	2.08976892688726	2.11677600548773
2.90104104104104	2.0898819751998	2.11643232595874
2.9043043043043	2.08999438891496	2.11462482620579
2.90756756756757	2.09010617159493	2.11176775014361
2.91083083083083	2.09021732678191	2.10850878703666
2.91409409409409	2.09032785799824	2.10558226786514
2.91735735735736	2.09043776874646	2.10364372309193
2.92062062062062	2.09054706250946	2.10312307044555
2.92388388388388	2.0906557427506	2.10412930718533
2.92714714714715	2.09076381291379	2.10642782710183
2.93041041041041	2.09087127642358	2.10949504994547
2.93367367367367	2.09097813668536	2.11263765764466
2.93693693693694	2.09108439708535	2.11514929010367
2.9402002002002	2.09119006099079	2.11646929106027
2.94346346346346	2.09129513175002	2.116307832744
2.94672672672673	2.09139961269258	2.1147095007912
2.94998998998999	2.09150350712933	2.11204140152794
2.95325325325325	2.09160681835254	2.10890888683201
2.95651651651652	2.091709549636	2.10601823397816
2.95977977977978	2.09181170423512	2.10401742504438
2.96304304304304	2.09191328538705	2.10335091521212
2.96630630630631	2.09201429631077	2.10416093544127
2.96956956956957	2.09211474020719	2.1062572390915
2.97283283283283	2.09221462025924	2.10916170421784
2.9760960960961	2.09231393963201	2.11221735213045
2.97935935935936	2.09241270147279	2.11473693131383
2.98262262262262	2.09251090891125	2.11615746757007
2.98588588588589	2.09260856505944	2.11616602964433
2.98914914914915	2.09270567301199	2.11476862065433
2.99241241241241	2.09280223584614	2.11228703921986
2.99567567567568	2.09289825662185	2.10928481973814
2.99893893893894	2.09299373838191	2.10643928627328
3.0022022022022	2.09308868415205	2.1043887636296
3.00546546546546	2.09318309694098	2.1035894066865
3.00872872872873	2.09327697974056	2.10421375503185
3.01199199199199	2.09337033552583	2.10611356676565
3.01525525525525	2.09346316725514	2.1088549194367
3.01851851851852	2.09355547787023	2.11181728756329
3.02178178178178	2.09364727029634	2.11433398139912
3.02504504504505	2.09373854744229	2.11584216740755
3.02830830830831	2.09382931220055	2.11600871692538
3.03157157157157	2.09391956744738	2.11480374879068
3.03483483483483	2.09400931604288	2.11250563936889
3.0380980980981	2.09409856083112	2.10963675926715
3.04136136136136	2.09418730464016	2.10684476134132
3.04462462462462	2.09427555028223	2.10475639242325
3.04788788788789	2.09436330055376	2.10383682189647
3.05115115115115	2.09445055823548	2.10428605576597
3.05441441441441	2.09453732609251	2.10599549698337
3.05767767767768	2.09462360687445	2.10857407242885
3.06094094094094	2.09470940331548	2.11143766701736
3.0642042042042	2.09479471813442	2.11394141958914
3.06746746746747	2.09487955403482	2.1155249217928
3.07073073073073	2.09496391370507	2.11583763089211
3.07399399399399	2.09504779981847	2.11481643555987
3.07725725725726	2.0951312150333	2.11269821932086
3.08052052052052	2.09521416199294	2.10996496436119
3.08378378378378	2.09529664332591	2.10723410595668
3.08704704704705	2.09537866164599	2.10511907500764
3.09031031031031	2.09546021955229	2.10409152294951
3.09357357357357	2.09554131962932	2.10437616859436
3.09683683683684	2.09562196444708	2.10590170477417
3.1001001001001	2.09570215656117	2.10831847813731
3.10336336336336	2.09578189851281	2.1110785957742
3.10662662662663	2.09586119282898	2.11356011354498
3.10988988988989	2.09594004202247	2.11520716170548
3.11315315315315	2.09601844859196	2.11565444135631
3.11641641641642	2.09609641502211	2.11480821328855
3.11967967967968	2.09617394378363	2.11286583059421
3.12294294294294	2.09625103733336	2.11026977233836
3.12620620620621	2.09632769811436	2.10760687158681
3.12946946946947	2.09640392855596	2.10547568227824
3.13273273273273	2.09647973107387	2.10435195773443
3.135995995996	2.09655510807022	2.10448246953832
3.13925925925926	2.09663006193368	2.10583085960171
3.14252252252252	2.09670459503949	2.10808739680805
3.14578578578579	2.09677870974957	2.11074008782102
3.14904904904905	2.09685240841259	2.11319082372127
3.15231231231231	2.09692569336401	2.11489021915065
3.15557557557557	2.0969985669262	2.11546074954665
3.15883883883884	2.09707103140849	2.11478059132083
3.1621021021021	2.09714308910725	2.11300955220592
3.16536536536537	2.09721474230596	2.11055159201034
3.16862862862863	2.09728599327527	2.1079627088558
3.17189189189189	2.0973568442731	2.10582518949636
3.17515515515516	2.09742729754468	2.10461666021752
3.17841841841842	2.09749735532266	2.10460338315132
3.18168168168168	2.09756701982713	2.10578163120201
3.18494494494494	2.09763629326573	2.10788004088655
3.18820820820821	2.09770517783372	2.11042207225682
3.19147147147147	2.09777367571403	2.11283420785174
3.19473473473473	2.09784178907731	2.11457532873294
3.197997997998	2.09790952008207	2.11525808644045
3.20126126126126	2.09797687087467	2.11473505150614
3.20452452452452	2.09804384358944	2.11313048435098
3.20778778778779	2.09811044034872	2.110810896989
3.21105105105105	2.09817666326295	2.10830136198934
3.21431431431431	2.09824251443069	2.10616667311932
3.21757757757758	2.09830799593876	2.104884250362
3.22084084084084	2.09837310986225	2.10473738553363
3.2241041041041	2.09843785826459	2.10575269500392
3.22736736736737	2.09850224319765	2.10769558161796
3.23063063063063	2.09856626670177	2.11012439958792
3.23389389389389	2.09862993080582	2.11249082553251
3.23715715715716	2.09869323752732	2.11426362951247
3.24042042042042	2.09875618887243	2.11504791149514
3.24368368368368	2.09881878683606	2.11467304411353
3.24694694694695	2.09888103340194	2.11322974243741
3.25021021021021	2.09894293054263	2.11104821919713
3.25347347347347	2.09900448021965	2.10862266326613
3.25673673673674	2.09906568438349	2.10649930743791
3.26	2.09912654497369	2.1051534336987
